start=28.572111
volume=65.000000
