start=285.660375
volume=80.000000
