start=3658.279000
pause=yes
volume=80.000000
