start=9.080000
volume=68.000000
