start=304.760000
ab-loop-a=2.080000
